	PN1	PN3	PN2	pcrblank	negcontrol1	500M3	500M2	500M1	340RF3	340RF2	340RF1	4KM1	2KM2	4KM2	4KM3	4RF1	4RF2	4RF3	1KM2	LB1	LB3	LB2	poscontrol1	2KM3	1KM3	LF1	LF3	LF2	BRF2	BRF3	BRF1	MRB3	MRB2	MRB1	TMI1	740RF3	740RF2	740RF1	TMI2	TMI3	1KM1	2KM1
PN1	0.0	0.27140550738	0.286734360377	0.984854812447	0.407579413022	0.49487652613	0.476719662427	0.799273588123	0.613572940407	1.0	0.507692874554	0.774670605379	0.618776692883	0.500889269312	0.540502690618	0.467146218148	0.385296834696	0.481878905926	0.928727946461	0.220075548101	0.259719854371	0.266417369181	0.771625418474	0.80651854063	0.726655700825	0.226042762429	0.217191491418	0.28320717615	0.342587835317	0.330218869502	0.340145325293	0.256457897234	0.406075920291	0.546093346274	0.365285841126	0.44556688797	0.589733399436	0.560985954986	0.549135821016	0.396535900542	0.832574160388	0.719841655251
PN3	0.27140550738	0.0	0.349022699366	0.705327341021	0.484855651855	0.624911445767	0.732986036571	0.694537178891	0.571276375979	1.0	0.606494780994	0.74355126558	0.676413712149	0.571487097725	0.567215500793	0.555495977691	0.742144559848	0.423212553921	0.933550620732	0.351831957846	0.278942032283	0.32400497383	0.969156598112	0.817560595467	0.590277604441	0.423382293247	0.256864111599	0.311911305267	0.422613477511	0.353518097806	0.406804949296	0.42263487143	0.490316395519	0.478051425282	0.515080143896	0.471664298307	0.72168079989	0.573607253527	0.561660619415	0.285784109103	0.805067041472	0.774121403861
PN2	0.286734360377	0.349022699366	0.0	0.984381468114	0.853012728448	0.554259289655	0.592891713221	0.951349118116	0.791196555327	1.0	0.631545777187	0.804856739157	0.810246092202	0.610681332103	0.727637958571	0.605174224792	0.591210235208	0.642591766837	0.72284727201	0.37453897348	0.306844093555	0.333981225796	0.917190545947	0.898910727285	0.845768985605	0.411659752899	0.378722153167	0.382590849836	0.414861625321	0.388824473981	0.396501964852	0.514075534713	0.530400566778	0.643415695588	0.448676418955	0.470555417798	0.664647189434	0.595352309439	0.592780189886	0.43938171433	0.61821851504	0.764524668507
pcrblank	0.984854812447	0.705327341021	0.984381468114	0.0	0.978846425388	0.982658210708	0.984410746056	0.823919233346	0.777610064074	1.0	0.996476804313	0.321308863039	0.981762585128	0.984630961678	0.980991330264	0.788241794569	0.948920066452	0.986680304847	0.982085650431	0.988276700329	0.668362208054	0.995126885219	0.995300069472	0.982181076139	0.987932580922	0.982148381831	0.98151258553	0.540906282818	0.995858307315	0.818530081439	0.98788621161	0.980557348975	0.987365668614	0.982710504562	0.985332578248	0.98807542131	0.995743347025	0.983009257328	0.985628163112	0.995212812497	0.988870544824	0.101327599039
negcontrol1	0.407579413022	0.484855651855	0.853012728448	0.978846425388	0.0	0.320322748568	0.196590196502	0.799293773413	0.928020074476	1.0	0.638088507122	0.693883198429	0.706759041836	0.266218311852	0.156398766562	0.641339403108	0.806577368754	0.662834759539	0.949824538918	0.824840575206	0.343572808463	0.910468261671	0.823397428622	0.817920912161	0.702685011484	0.24366420918	0.33645814943	0.929545243757	0.50219663979	0.461139461776	0.456256087727	0.455531546464	0.562420816266	0.352726556866	0.571751525116	0.551230020309	0.941808847969	0.694562910066	0.329567632565	0.489263000066	0.808473972524	0.728455426895
500M3	0.49487652613	0.624911445767	0.554259289655	0.982658210708	0.320322748568	0.0	0.219818018603	0.565513220024	0.779636779199	1.0	0.667938401681	0.378465701916	0.42040720461	0.244374247315	0.505733361108	0.294905652235	0.685609971755	0.297028996096	0.450859501532	0.686714334204	0.630712951788	0.686414271247	0.971492545655	0.711775936137	0.240174147556	0.272737820502	0.415093532141	0.674738906431	0.657335094944	0.418800028499	0.651909956243	0.416408489463	0.551365625267	0.533530319384	0.70236096995	0.598716790848	0.714759402417	0.430718529154	0.462147203397	0.561623567193	0.778457997191	0.391760837241
500M2	0.476719662427	0.732986036571	0.592891713221	0.984410746056	0.196590196502	0.219818018603	0.0	0.839189252346	0.883134980165	1.0	0.763945477558	0.765919573482	0.776963166348	0.0739226963721	0.460579181956	0.677810475291	0.791586264818	0.591479778042	0.939924053882	0.844678352542	0.686181858046	0.509638029028	0.852290618818	0.840542227771	0.813285252716	0.637878737381	0.340938730902	0.84273589393	0.720484466824	0.743792864649	0.751679283021	0.573274850205	0.726980615548	0.653661989596	0.766693935003	0.691566607929	0.882639294224	0.788065777464	0.740781772068	0.551396638819	0.895614931447	0.729863560556
500M1	0.799273588123	0.694537178891	0.951349118116	0.823919233346	0.799293773413	0.565513220024	0.839189252346	0.0	0.943873470216	1.0	0.71443009996	0.029005882363	0.827522231669	0.298546533198	0.811272327634	0.232936516388	0.851700517797	0.593527540673	0.837597456924	0.950453194958	0.511228236008	0.884988151194	0.977865112121	0.762685052165	0.658641081791	0.65181579824	0.794601830392	0.944702867759	0.69047578439	0.294594722597	0.329783493525	0.688060962262	0.813690125757	0.277371362091	0.565882111261	0.799594202291	0.951120339192	0.2881255568	0.645550525558	0.821113652814	0.108454023148	0.128625612033
340RF3	0.613572940407	0.571276375979	0.791196555327	0.777610064074	0.928020074476	0.779636779199	0.883134980165	0.943873470216	0.0	1.0	0.65234170964	0.725285462813	0.855392415435	0.775297715948	0.691573205419	0.797988714845	0.908568256906	0.760741115792	0.962996391921	0.548007696923	0.517038180528	0.57504563303	0.486664785163	0.925071974659	0.726623170724	0.451946440978	0.434571048098	0.531288165659	0.59611591043	0.610530722989	0.634139086995	0.587308612784	0.619931454353	0.610263998989	0.721747477894	0.347344388165	0.815207478971	0.733931354699	0.830602355757	0.49995210654	0.837395555344	0.760540715828
340RF2	1.0	1.0	1.0	1.0	1.0	1.0	1.0	1.0	1.0	0.0	1.0	1.0	1.0	1.0	1.0	1.0	1.0	1.0	1.0	1.0	1.0	1.0	1.0	1.0	1.0	1.0	1.0	1.0	1.0	1.0	1.0	1.0	1.0	1.0	1.0	1.0	1.0	1.0	1.0	1.0	1.0	1.0
340RF1	0.507692874554	0.606494780994	0.631545777187	0.996476804313	0.638088507122	0.667938401681	0.763945477558	0.71443009996	0.65234170964	1.0	0.0	0.748792270531	0.788249694002	0.591490611896	0.646042209051	0.512429337202	0.79885229863	0.484278287633	0.945612768373	0.518738440829	0.51421081065	0.616360943473	0.98013960941	0.782901030759	0.558435340237	0.500984342732	0.54437964622	0.612544975603	0.612958043064	0.624603163932	0.675918840968	0.554141510213	0.672882651289	0.685606480416	0.682635123763	0.482933552194	0.608774250942	0.448885952244	0.780779659105	0.643901749725	0.807484991698	0.695664383701
4KM1	0.774670605379	0.74355126558	0.804856739157	0.321308863039	0.693883198429	0.378465701916	0.765919573482	0.029005882363	0.725285462813	1.0	0.748792270531	0.0	0.715279625951	0.623519268326	0.700256246428	0.182932268938	0.708759647511	0.672348821713	0.625598683581	0.834852843357	0.799587874919	0.746608088889	0.979723074398	0.799141380052	0.6152031819	0.801201115808	0.81296893524	0.856640159177	0.767022964672	0.73149763589	0.575777657136	0.763303552938	0.686572588844	0.485570197249	0.878252948394	0.411663490716	0.539957163568	0.336624479977	0.917440065373	0.885465676102	0.71872946266	0.155146228964
2KM2	0.618776692883	0.676413712149	0.810246092202	0.981762585128	0.706759041836	0.42040720461	0.776963166348	0.827522231669	0.855392415435	1.0	0.788249694002	0.715279625951	0.0	0.427670643602	0.739826846218	0.707486123262	0.641038756215	0.635020329543	0.555712497722	0.619006374155	0.711699799978	0.391708862165	0.971727063441	0.577299154303	0.865595704413	0.71065127185	0.566340043783	0.597317393691	0.679616180299	0.704107918503	0.734914915681	0.588413949894	0.647650219506	0.662690662308	0.786901518224	0.642786066836	0.586241062346	0.674625063237	0.860310572936	0.737101627745	0.857927239909	0.76732654795
4KM2	0.500889269312	0.571487097725	0.610681332103	0.984630961678	0.266218311852	0.244374247315	0.0739226963721	0.298546533198	0.775297715948	1.0	0.591490611896	0.623519268326	0.427670643602	0.0	0.46117199268	0.408851025269	0.854384403591	0.576626990057	0.935396832904	0.481691519655	0.454208987725	0.56823255182	0.977540392358	0.430434846405	0.455069856302	0.352916057258	0.383466314507	0.488009506854	0.604810312374	0.604524117585	0.655905645964	0.590460912685	0.628606425205	0.677623059969	0.749938308698	0.617905221672	0.673508668907	0.537815004825	0.69880524182	0.596733226818	0.318916130089	0.702640636028
4KM3	0.540502690618	0.567215500793	0.727637958571	0.980991330264	0.156398766562	0.505733361108	0.460579181956	0.811272327634	0.691573205419	1.0	0.646042209051	0.700256246428	0.739826846218	0.46117199268	0.0	0.687641954547	0.775717021621	0.421526340907	0.750871902091	0.686876965509	0.306622584554	0.737771666685	0.146174116781	0.759557931245	0.879602724711	0.517200335331	0.239867046059	0.354460775103	0.628940379455	0.580106769382	0.599103563853	0.27418202192	0.588591560516	0.510641792362	0.685115278109	0.520794931255	0.757253873717	0.595452864156	0.480440573638	0.529274211913	0.813002997515	0.618588873481
4RF1	0.467146218148	0.555495977691	0.605174224792	0.788241794569	0.641339403108	0.294905652235	0.677810475291	0.232936516388	0.797988714845	1.0	0.512429337202	0.182932268938	0.707486123262	0.408851025269	0.687641954547	0.0	0.597197476435	0.253783352562	0.89949574083	0.614657872073	0.596657618934	0.650353858523	0.971464523102	0.751635893049	0.33254870263	0.414499849268	0.589821340202	0.654688778133	0.471703619031	0.424547099441	0.417956138052	0.354625527475	0.694068541502	0.381765701821	0.727844252595	0.561874894722	0.704720084558	0.319679439584	0.696449866602	0.647707195703	0.300501123207	0.447265206207
4RF2	0.385296834696	0.742144559848	0.591210235208	0.948920066452	0.806577368754	0.685609971755	0.791586264818	0.851700517797	0.908568256906	1.0	0.79885229863	0.708759647511	0.641038756215	0.854384403591	0.775717021621	0.597197476435	0.0	0.620965105894	0.78330994557	0.458528778371	0.632546292313	0.773536903517	0.660073586024	0.53224783128	0.910544080464	0.27463006464	0.652630501819	0.817930409097	0.660001675503	0.63657081108	0.731564739803	0.65679775639	0.589335111385	0.671742883001	0.704832675459	0.614834563397	0.715080102396	0.360945267159	0.718222494049	0.81537782838	0.829671788491	0.748800051765
4RF3	0.481878905926	0.423212553921	0.642591766837	0.986680304847	0.662834759539	0.297028996096	0.591479778042	0.593527540673	0.760741115792	1.0	0.484278287633	0.672348821713	0.635020329543	0.576626990057	0.421526340907	0.253783352562	0.620965105894	0.0	0.934895547988	0.573318056229	0.47297086867	0.593605707216	0.968930497092	0.797128139974	0.230067378709	0.451456994096	0.405169953772	0.552840900009	0.659034381475	0.44516593022	0.601627580235	0.317130975932	0.724666690384	0.631629121143	0.727447928606	0.368165346269	0.49551892456	0.348029604179	0.440034142066	0.608897983647	0.629047109737	0.767509622804
1KM2	0.928727946461	0.933550620732	0.72284727201	0.982085650431	0.949824538918	0.450859501532	0.939924053882	0.837597456924	0.962996391921	1.0	0.945612768373	0.625598683581	0.555712497722	0.935396832904	0.750871902091	0.89949574083	0.78330994557	0.934895547988	0.0	0.953700348928	0.931833661934	0.555245781193	0.968106122693	0.940440372746	0.949205519986	0.927786846209	0.927519245476	0.964573118024	0.943492042513	0.9319602772	0.526987559399	0.755064438181	0.713868254048	0.67723501098	0.943193716933	0.55659959906	0.75323038139	0.783380792451	0.942898571696	0.738186054958	0.913311735507	0.603821980401
LB1	0.220075548101	0.351831957846	0.37453897348	0.988276700329	0.824840575206	0.686714334204	0.844678352542	0.950453194958	0.548007696923	1.0	0.518738440829	0.834852843357	0.619006374155	0.481691519655	0.686876965509	0.614657872073	0.458528778371	0.573318056229	0.953700348928	0.0	0.211268736467	0.207134087064	0.971826923583	0.819246916674	0.876085577581	0.207291159576	0.228938591777	0.259792643143	0.39074084818	0.42879338088	0.39791839564	0.366165239583	0.378714558857	0.542509681383	0.400266763497	0.289099138543	0.541257732064	0.587359641674	0.532842325772	0.458174263541	0.858913546239	0.630112488736
LB3	0.259719854371	0.278942032283	0.306844093555	0.668362208054	0.343572808463	0.630712951788	0.686181858046	0.511228236008	0.517038180528	1.0	0.51421081065	0.799587874919	0.711699799978	0.454208987725	0.306622584554	0.596657618934	0.632546292313	0.47297086867	0.931833661934	0.211268736467	0.0	0.197246919075	0.521400353935	0.740451006196	0.868212031801	0.308947173267	0.22143196743	0.287438767237	0.407906336317	0.334716257815	0.346773438337	0.383608122897	0.409657314665	0.379496471864	0.461598519947	0.249716524398	0.550212162912	0.552137141016	0.639655919833	0.279429991277	0.711015014582	0.650315941981
LB2	0.266417369181	0.32400497383	0.333981225796	0.995126885219	0.910468261671	0.686414271247	0.509638029028	0.884988151194	0.57504563303	1.0	0.616360943473	0.746608088889	0.391708862165	0.56823255182	0.737771666685	0.650353858523	0.773536903517	0.593605707216	0.555245781193	0.207134087064	0.197246919075	0.0	0.912634027465	0.541692759039	0.773903913367	0.331409763202	0.267730523957	0.287414388724	0.37391462842	0.407912791069	0.385132067396	0.365269225156	0.429032884279	0.43452105325	0.459870930183	0.429007148417	0.664477312647	0.678679619679	0.630355714556	0.443519569044	0.875483199916	0.488961108892
poscontrol1	0.771625418474	0.969156598112	0.917190545947	0.995300069472	0.823397428622	0.971492545655	0.852290618818	0.977865112121	0.486664785163	1.0	0.98013960941	0.979723074398	0.971727063441	0.977540392358	0.146174116781	0.971464523102	0.660073586024	0.968930497092	0.968106122693	0.971826923583	0.521400353935	0.912634027465	0.0	0.808775185982	0.971940689649	0.816746316315	0.486628033601	0.917712903382	0.972676593461	0.970222450283	0.91366899085	0.963807146795	0.972754657716	0.965942547815	0.969935670985	0.486471451035	0.923910632685	0.462710041524	0.97327974684	0.83911213183	0.968240723159	0.965978313844
2KM3	0.80651854063	0.817560595467	0.898910727285	0.982181076139	0.817920912161	0.711775936137	0.840542227771	0.762685052165	0.925071974659	1.0	0.782901030759	0.799141380052	0.577299154303	0.430434846405	0.759557931245	0.751635893049	0.53224783128	0.797128139974	0.940440372746	0.819246916674	0.740451006196	0.541692759039	0.808775185982	0.0	0.79448303771	0.803249213327	0.73157278967	0.900915368055	0.597634201087	0.542412435485	0.761014368807	0.573921553526	0.771985479807	0.770642907359	0.785776363674	0.807819950109	0.902031282423	0.43293955123	0.436750513457	0.770249926939	0.821813510792	0.808456954071
1KM3	0.726655700825	0.590277604441	0.845768985605	0.987932580922	0.702685011484	0.240174147556	0.813285252716	0.658641081791	0.726623170724	1.0	0.558435340237	0.6152031819	0.865595704413	0.455069856302	0.879602724711	0.33254870263	0.910544080464	0.230067378709	0.949205519986	0.876085577581	0.868212031801	0.773903913367	0.971940689649	0.79448303771	0.0	0.701224063482	0.708286840706	0.872864299008	0.517165900189	0.27412010086	0.594299023261	0.281159755382	0.742296946762	0.658917594404	0.731550545965	0.860763218129	0.921339351647	0.630271357529	0.460544527456	0.867898596954	0.758692342473	0.750448344486
LF1	0.226042762429	0.423382293247	0.411659752899	0.982148381831	0.24366420918	0.272737820502	0.637878737381	0.65181579824	0.451946440978	1.0	0.500984342732	0.801201115808	0.71065127185	0.352916057258	0.517200335331	0.414499849268	0.27463006464	0.451456994096	0.927786846209	0.207291159576	0.308947173267	0.331409763202	0.816746316315	0.803249213327	0.701224063482	0.0	0.314632418981	0.33319106561	0.403902814979	0.427357233784	0.438680662734	0.324166910833	0.39225342063	0.499373166507	0.561301745175	0.414083231114	0.479186762728	0.525815417863	0.572478850847	0.51433478215	0.834520132722	0.780063121264
LF3	0.217191491418	0.256864111599	0.378722153167	0.98151258553	0.33645814943	0.415093532141	0.340938730902	0.794601830392	0.434571048098	1.0	0.54437964622	0.81296893524	0.566340043783	0.383466314507	0.239867046059	0.589821340202	0.652630501819	0.405169953772	0.927519245476	0.228938591777	0.22143196743	0.267730523957	0.486628033601	0.73157278967	0.708286840706	0.314632418981	0.0	0.256736520098	0.420729960007	0.41920246126	0.309108653544	0.281338246785	0.372311006629	0.542305980924	0.494352821162	0.377485165651	0.590266162612	0.521286950585	0.674870158535	0.4510026927	0.74551310563	0.686218706398
LF2	0.28320717615	0.311911305267	0.382590849836	0.540906282818	0.929545243757	0.674738906431	0.84273589393	0.944702867759	0.531288165659	1.0	0.612544975603	0.856640159177	0.597317393691	0.488009506854	0.354460775103	0.654688778133	0.817930409097	0.552840900009	0.964573118024	0.259792643143	0.287438767237	0.287414388724	0.917712903382	0.900915368055	0.872864299008	0.33319106561	0.256736520098	0.0	0.442801974884	0.422479568682	0.418046833524	0.507984078565	0.399519080718	0.596731476789	0.479850396541	0.443749414479	0.582342808993	0.682895524576	0.68380370817	0.510312354532	0.929608700227	0.622338721437
BRF2	0.342587835317	0.422613477511	0.414861625321	0.995858307315	0.50219663979	0.657335094944	0.720484466824	0.69047578439	0.59611591043	1.0	0.612958043064	0.767022964672	0.679616180299	0.604810312374	0.628940379455	0.471703619031	0.660001675503	0.659034381475	0.943492042513	0.39074084818	0.407906336317	0.37391462842	0.972676593461	0.597634201087	0.517165900189	0.403902814979	0.420729960007	0.442801974884	0.0	0.39252430981	0.412443543599	0.513947897171	0.434164909047	0.61492071197	0.502658681978	0.561691650123	0.740460858163	0.627357042931	0.615924326754	0.532268943628	0.798176848669	0.764529996425
BRF3	0.330218869502	0.353518097806	0.388824473981	0.818530081439	0.461139461776	0.418800028499	0.743792864649	0.294594722597	0.610530722989	1.0	0.624603163932	0.73149763589	0.704107918503	0.604524117585	0.580106769382	0.424547099441	0.63657081108	0.44516593022	0.9319602772	0.42879338088	0.334716257815	0.407912791069	0.970222450283	0.542412435485	0.27412010086	0.427357233784	0.41920246126	0.422479568682	0.39252430981	0.0	0.285425741643	0.289164675161	0.519995796139	0.501017363936	0.405723117634	0.497562616184	0.68156151881	0.531825840459	0.304757715195	0.4549562437	0.54556814226	0.705467374858
BRF1	0.340145325293	0.406804949296	0.396501964852	0.98788621161	0.456256087727	0.651909956243	0.751679283021	0.329783493525	0.634139086995	1.0	0.675918840968	0.575777657136	0.734914915681	0.655905645964	0.599103563853	0.417956138052	0.731564739803	0.601627580235	0.526987559399	0.39791839564	0.346773438337	0.385132067396	0.91366899085	0.761014368807	0.594299023261	0.438680662734	0.309108653544	0.418046833524	0.412443543599	0.285425741643	0.0	0.428721187616	0.512550393654	0.506646866353	0.49215657071	0.46361878354	0.725832793547	0.537427419095	0.629938834181	0.517263169899	0.516695226301	0.562154653144
MRB3	0.256457897234	0.42263487143	0.514075534713	0.980557348975	0.455531546464	0.416408489463	0.573274850205	0.688060962262	0.587308612784	1.0	0.554141510213	0.763303552938	0.588413949894	0.590460912685	0.27418202192	0.354625527475	0.65679775639	0.317130975932	0.755064438181	0.366165239583	0.383608122897	0.365269225156	0.963807146795	0.573921553526	0.281159755382	0.324166910833	0.281338246785	0.507984078565	0.513947897171	0.289164675161	0.428721187616	0.0	0.433040105994	0.470097560043	0.525206685854	0.431989952279	0.5233638905	0.522026404696	0.317692506954	0.490554366114	0.571047312172	0.737218845297
MRB2	0.406075920291	0.490316395519	0.530400566778	0.987365668614	0.562420816266	0.551365625267	0.726980615548	0.813690125757	0.619931454353	1.0	0.672882651289	0.686572588844	0.647650219506	0.628606425205	0.588591560516	0.694068541502	0.589335111385	0.724666690384	0.713868254048	0.378714558857	0.409657314665	0.429032884279	0.972754657716	0.771985479807	0.742296946762	0.39225342063	0.372311006629	0.399519080718	0.434164909047	0.519995796139	0.512550393654	0.433040105994	0.0	0.5594422588	0.624339511349	0.638190757398	0.756866448374	0.714404368096	0.666198400538	0.559514366913	0.850910660238	0.566619691693
MRB1	0.546093346274	0.478051425282	0.643415695588	0.982710504562	0.352726556866	0.533530319384	0.653661989596	0.277371362091	0.610263998989	1.0	0.685606480416	0.485570197249	0.662690662308	0.677623059969	0.510641792362	0.381765701821	0.671742883001	0.631629121143	0.67723501098	0.542509681383	0.379496471864	0.43452105325	0.965942547815	0.770642907359	0.658917594404	0.499373166507	0.542305980924	0.596731476789	0.61492071197	0.501017363936	0.506646866353	0.470097560043	0.5594422588	0.0	0.661715169602	0.641001636112	0.717070020192	0.471007215703	0.501170333947	0.545047161186	0.544276552123	0.427490916756
TMI1	0.365285841126	0.515080143896	0.448676418955	0.985332578248	0.571751525116	0.70236096995	0.766693935003	0.565882111261	0.721747477894	1.0	0.682635123763	0.878252948394	0.786901518224	0.749938308698	0.685115278109	0.727844252595	0.704832675459	0.727447928606	0.943193716933	0.400266763497	0.461598519947	0.459870930183	0.969935670985	0.785776363674	0.731550545965	0.561301745175	0.494352821162	0.479850396541	0.502658681978	0.405723117634	0.49215657071	0.525206685854	0.624339511349	0.661715169602	0.0	0.610904370701	0.783410494436	0.794794713086	0.598356263889	0.463731104337	0.835834143045	0.78957229554
740RF3	0.44556688797	0.471664298307	0.470555417798	0.98807542131	0.551230020309	0.598716790848	0.691566607929	0.799594202291	0.347344388165	1.0	0.482933552194	0.411663490716	0.642786066836	0.617905221672	0.520794931255	0.561874894722	0.614834563397	0.368165346269	0.55659959906	0.289099138543	0.249716524398	0.429007148417	0.486471451035	0.807819950109	0.860763218129	0.414083231114	0.377485165651	0.443749414479	0.561691650123	0.497562616184	0.46361878354	0.431989952279	0.638190757398	0.641001636112	0.610904370701	0.0	0.471958221729	0.384071160217	0.724549309933	0.572120457405	0.50326827616	0.607423396394
740RF2	0.589733399436	0.72168079989	0.664647189434	0.995743347025	0.941808847969	0.714759402417	0.882639294224	0.951120339192	0.815207478971	1.0	0.608774250942	0.539957163568	0.586241062346	0.673508668907	0.757253873717	0.704720084558	0.715080102396	0.49551892456	0.75323038139	0.541257732064	0.550212162912	0.664477312647	0.923910632685	0.902031282423	0.921339351647	0.479186762728	0.590266162612	0.582342808993	0.740460858163	0.68156151881	0.725832793547	0.5233638905	0.756866448374	0.717070020192	0.783410494436	0.471958221729	0.0	0.365181440003	0.872183086943	0.719030248924	0.846367129797	0.727699570587
740RF1	0.560985954986	0.573607253527	0.595352309439	0.983009257328	0.694562910066	0.430718529154	0.788065777464	0.2881255568	0.733931354699	1.0	0.448885952244	0.336624479977	0.674625063237	0.537815004825	0.595452864156	0.319679439584	0.360945267159	0.348029604179	0.783380792451	0.587359641674	0.552137141016	0.678679619679	0.462710041524	0.43293955123	0.630271357529	0.525815417863	0.521286950585	0.682895524576	0.627357042931	0.531825840459	0.537427419095	0.522026404696	0.714404368096	0.471007215703	0.794794713086	0.384071160217	0.365181440003	0.0	0.862117832039	0.65075466425	0.742187446746	0.430368188293
TMI2	0.549135821016	0.561660619415	0.592780189886	0.985628163112	0.329567632565	0.462147203397	0.740781772068	0.645550525558	0.830602355757	1.0	0.780779659105	0.917440065373	0.860310572936	0.69880524182	0.480440573638	0.696449866602	0.718222494049	0.440034142066	0.942898571696	0.532842325772	0.639655919833	0.630355714556	0.97327974684	0.436750513457	0.460544527456	0.572478850847	0.674870158535	0.68380370817	0.615924326754	0.304757715195	0.629938834181	0.317692506954	0.666198400538	0.501170333947	0.598356263889	0.724549309933	0.872183086943	0.862117832039	0.0	0.586053399342	0.873476994508	0.831093150339
TMI3	0.396535900542	0.285784109103	0.43938171433	0.995212812497	0.489263000066	0.561623567193	0.551396638819	0.821113652814	0.49995210654	1.0	0.643901749725	0.885465676102	0.737101627745	0.596733226818	0.529274211913	0.647707195703	0.81537782838	0.608897983647	0.738186054958	0.458174263541	0.279429991277	0.443519569044	0.83911213183	0.770249926939	0.867898596954	0.51433478215	0.4510026927	0.510312354532	0.532268943628	0.4549562437	0.517263169899	0.490554366114	0.559514366913	0.545047161186	0.463731104337	0.572120457405	0.719030248924	0.65075466425	0.586053399342	0.0	0.915203301059	0.646117848199
1KM1	0.832574160388	0.805067041472	0.61821851504	0.988870544824	0.808473972524	0.778457997191	0.895614931447	0.108454023148	0.837395555344	1.0	0.807484991698	0.71872946266	0.857927239909	0.318916130089	0.813002997515	0.300501123207	0.829671788491	0.629047109737	0.913311735507	0.858913546239	0.711015014582	0.875483199916	0.968240723159	0.821813510792	0.758692342473	0.834520132722	0.74551310563	0.929608700227	0.798176848669	0.54556814226	0.516695226301	0.571047312172	0.850910660238	0.544276552123	0.835834143045	0.50326827616	0.846367129797	0.742187446746	0.873476994508	0.915203301059	0.0	0.806200388088
2KM1	0.719841655251	0.774121403861	0.764524668507	0.101327599039	0.728455426895	0.391760837241	0.729863560556	0.128625612033	0.760540715828	1.0	0.695664383701	0.155146228964	0.76732654795	0.702640636028	0.618588873481	0.447265206207	0.748800051765	0.767509622804	0.603821980401	0.630112488736	0.650315941981	0.488961108892	0.965978313844	0.808456954071	0.750448344486	0.780063121264	0.686218706398	0.622338721437	0.764529996425	0.705467374858	0.562154653144	0.737218845297	0.566619691693	0.427490916756	0.78957229554	0.607423396394	0.727699570587	0.430368188293	0.831093150339	0.646117848199	0.806200388088	0.0