	PN1	PN3	PN2	pcrblank	negcontrol1	500M3	500M2	500M1	340RF3	340RF2	340RF1	4KM1	2KM2	4KM2	4KM3	4RF1	4RF2	4RF3	1KM2	LB1	LB3	LB2	poscontrol1	2KM3	1KM3	LF1	LF3	LF2	BRF2	BRF3	BRF1	MRB3	MRB2	MRB1	TMI1	740RF3	740RF2	740RF1	TMI2	TMI3	1KM1	2KM1
PN1	0.0	0.847478474785	0.859504132231	0.974045801527	0.93740685544	0.950495049505	0.950524737631	0.951557093426	0.936912751678	1.0	0.950715421304	0.961656441718	0.950310559006	0.963836477987	0.940525587828	0.939172749392	0.918032786885	0.936218678815	0.956193353474	0.810148731409	0.825301204819	0.859229747676	0.944687045124	0.933333333333	0.947826086957	0.859414225941	0.828226555246	0.847414880202	0.912071535022	0.869879518072	0.843301435407	0.848715509039	0.936434108527	0.919282511211	0.896637608966	0.926327193933	0.940915805022	0.924593967517	0.902340597256	0.896551724138	0.955108359133	0.953045685279
PN3	0.847478474785	0.0	0.840670859539	0.974160206718	0.934306569343	0.921478060046	0.94540942928	0.941569282137	0.920668058455	1.0	0.921568627451	0.942105263158	0.944736842105	0.947945205479	0.918502202643	0.906593406593	0.913865546218	0.908940397351	0.941475826972	0.883744855967	0.831385642738	0.848126232742	0.923444976077	0.914634146341	0.934823091248	0.910910910911	0.866819747417	0.848648648649	0.882063882064	0.836842105263	0.848585690516	0.896103896104	0.915567282322	0.902866242038	0.89110707804	0.908536585366	0.927184466019	0.916943521595	0.912825651303	0.886	0.930481283422	0.936170212766
PN2	0.859504132231	0.840670859539	0.0	0.945054945055	0.895973154362	0.911854103343	0.910344827586	0.930753564155	0.931937172775	1.0	0.909090909091	0.918819188192	0.889733840304	0.891129032258	0.895953757225	0.900900900901	0.866666666667	0.915187376726	0.899641577061	0.89592760181	0.818	0.824257425743	0.889250814332	0.868686868687	0.915690866511	0.918232044199	0.888607594937	0.862660944206	0.827118644068	0.833684210526	0.831663326653	0.898666666667	0.897810218978	0.90359168242	0.845977011494	0.900362318841	0.893687707641	0.900809716599	0.908277404922	0.854219948849	0.889312977099	0.911111111111
pcrblank	0.974045801527	0.974160206718	0.945054945055	0.0	0.815068493151	0.865168539326	0.86524822695	0.914705882353	0.95867768595	1.0	0.899082568807	0.867768595041	0.80701754386	0.844660194175	0.87	0.915032679739	0.899563318777	0.965879265092	0.864661654135	0.976279650437	0.941605839416	0.960912052117	0.89880952381	0.853503184713	0.941379310345	0.976368159204	0.970042796006	0.963988919668	0.950276243094	0.924324324324	0.935162094763	0.964451313756	0.893939393939	0.945273631841	0.928792569659	0.951162790698	0.952662721893	0.94262295082	0.973717146433	0.960854092527	0.875	0.903846153846
negcontrol1	0.93740685544	0.934306569343	0.895973154362	0.815068493151	0.0	0.859154929577	0.824561403509	0.888888888889	0.934545454545	1.0	0.85	0.901234567901	0.843137254902	0.814814814815	0.808035714286	0.886567164179	0.868725868726	0.925925925926	0.883720930233	0.951278928136	0.895591647332	0.912386706949	0.858585858586	0.798913043478	0.905660377358	0.948905109489	0.947586206897	0.935897435897	0.873170731707	0.862694300518	0.914153132251	0.927601809955	0.845679012346	0.900709219858	0.865102639296	0.935064935065	0.936585365854	0.937965260546	0.938347718866	0.886287625418	0.886075949367	0.913333333333
500M3	0.950495049505	0.921478060046	0.911854103343	0.865168539326	0.859154929577	0.0	0.80829015544	0.853785900783	0.919463087248	1.0	0.882352941176	0.767857142857	0.802325581395	0.840490797546	0.791836734694	0.851428571429	0.870175438596	0.881927710843	0.854922279793	0.957845433255	0.925531914894	0.925414364641	0.861607142857	0.774509803922	0.847094801223	0.956775700935	0.946808510638	0.937799043062	0.902953586498	0.875	0.905286343612	0.918128654971	0.857142857143	0.889887640449	0.896551724138	0.910041841004	0.897321428571	0.8961352657	0.936678614098	0.916167664671	0.82183908046	0.858520900322
500M2	0.950524737631	0.94540942928	0.910344827586	0.86524822695	0.824561403509	0.80829015544	0.0	0.887955182073	0.914728682171	1.0	0.89552238806	0.804347826087	0.776119402985	0.73275862069	0.807511737089	0.895705521472	0.875502008032	0.909560723514	0.822368421053	0.959509202454	0.923255813953	0.938837920489	0.854838709677	0.790697674419	0.868243243243	0.960927960928	0.956884561892	0.93085106383	0.887755102041	0.910485933504	0.929411764706	0.932721712538	0.847682119205	0.908212560386	0.906432748538	0.92841163311	0.903743315508	0.927648578811	0.954377311961	0.922558922559	0.835714285714	0.857664233577
500M1	0.951557093426	0.941569282137	0.930753564155	0.914705882353	0.888888888889	0.853785900783	0.887955182073	0.0	0.939262472885	1.0	0.924698795181	0.876876876877	0.886567164179	0.904615384615	0.827848101266	0.868787276342	0.883561643836	0.917667238422	0.900849858357	0.95450049456	0.916129032258	0.93893129771	0.906735751295	0.848066298343	0.864300626305	0.957718780728	0.948464912281	0.951972555746	0.907928388747	0.893728222997	0.907894736842	0.925355450237	0.924157303371	0.901993355482	0.906191369606	0.919937205651	0.927461139896	0.901408450704	0.945109780439	0.931313131313	0.879518072289	0.87012987013
340RF3	0.936912751678	0.920668058455	0.931937172775	0.95867768595	0.934545454545	0.919463087248	0.914728682171	0.939262472885	0.0	1.0	0.909090909091	0.887445887446	0.924369747899	0.903669724771	0.894568690096	0.928909952607	0.912280701754	0.931392931393	0.911646586345	0.942632170979	0.905325443787	0.924019607843	0.906810035842	0.905109489051	0.929824561404	0.958011049724	0.935524652339	0.919037199125	0.904593639576	0.911764705882	0.921104536489	0.95225464191	0.900826446281	0.922772277228	0.928735632184	0.901923076923	0.90405904059	0.912017167382	0.969298245614	0.932642487047	0.914893617021	0.939790575916
340RF2	1.0	1.0	1.0	1.0	1.0	1.0	1.0	1.0	1.0	0.0	1.0	1.0	1.0	1.0	1.0	1.0	1.0	1.0	1.0	1.0	1.0	1.0	1.0	1.0	1.0	1.0	1.0	1.0	1.0	1.0	1.0	1.0	1.0	1.0	1.0	1.0	1.0	1.0	1.0	1.0	1.0	1.0
340RF1	0.950715421304	0.921568627451	0.909090909091	0.899082568807	0.85	0.882352941176	0.89552238806	0.924698795181	0.909090909091	1.0	0.0	0.863636363636	0.862385321101	0.824175824176	0.885416666667	0.91156462585	0.883720930233	0.926966292135	0.879032258065	0.958762886598	0.912596401028	0.91519434629	0.854304635762	0.825174825175	0.923357664234	0.964240102171	0.957415565345	0.941520467836	0.805369127517	0.906515580737	0.916449086162	0.948881789137	0.844827586207	0.935400516796	0.904918032787	0.924019607843	0.877551020408	0.919308357349	0.958762886598	0.897637795276	0.828571428571	0.925196850394
4KM1	0.961656441718	0.942105263158	0.918819188192	0.867768595041	0.901234567901	0.767857142857	0.804347826087	0.876876876877	0.887445887446	1.0	0.863636363636	0.0	0.825	0.772277227723	0.821428571429	0.857627118644	0.862831858407	0.91280653951	0.827067669173	0.972602739726	0.926829268293	0.927152317881	0.862275449102	0.766666666667	0.877697841727	0.968866749689	0.961428571429	0.947222222222	0.879310344828	0.907859078591	0.906329113924	0.946957878315	0.847328244275	0.905612244898	0.899686520376	0.934579439252	0.883435582822	0.886363636364	0.953045685279	0.916058394161	0.715596330275	0.835341365462
2KM2	0.950310559006	0.944736842105	0.889733840304	0.80701754386	0.843137254902	0.802325581395	0.776119402985	0.886567164179	0.924369747899	1.0	0.862385321101	0.825	0.0	0.71875	0.820512820513	0.88	0.831050228311	0.921409214092	0.739837398374	0.960907944515	0.916049382716	0.912457912458	0.833333333333	0.731034482759	0.889285714286	0.954487989886	0.950867052023	0.932203389831	0.865497076023	0.904632152589	0.903307888041	0.93522906793	0.837209302326	0.899742930591	0.90625	0.916666666667	0.847133757962	0.910863509749	0.955640050697	0.931407942238	0.780701754386	0.857707509881
4KM2	0.963836477987	0.947945205479	0.891129032258	0.844660194175	0.814814814815	0.840490797546	0.73275862069	0.904615384615	0.903669724771	1.0	0.824175824176	0.772277227723	0.71875	0.0	0.82967032967	0.88850174216	0.856459330144	0.923728813559	0.8	0.971974522293	0.926208651399	0.93006993007	0.821917808219	0.725190839695	0.886363636364	0.969465648855	0.957352941176	0.944444444444	0.872611464968	0.903133903134	0.919060052219	0.940322580645	0.84347826087	0.912698412698	0.89	0.92118226601	0.868965517241	0.915942028986	0.960051546392	0.935114503817	0.742268041237	0.861924686192
4KM3	0.940525587828	0.918502202643	0.895953757225	0.87	0.808035714286	0.791836734694	0.807511737089	0.827848101266	0.894568690096	1.0	0.885416666667	0.821428571429	0.820512820513	0.82967032967	0.0	0.851752021563	0.85049833887	0.89841986456	0.827751196172	0.944572748268	0.883966244726	0.918848167539	0.842323651452	0.748858447489	0.844380403458	0.950800915332	0.933333333333	0.926605504587	0.886274509804	0.87414187643	0.898520084567	0.914772727273	0.862559241706	0.886021505376	0.871794871795	0.890020366599	0.902834008097	0.899313501144	0.937209302326	0.890804597701	0.837563451777	0.85498489426
4RF1	0.939172749392	0.906593406593	0.900900900901	0.915032679739	0.886567164179	0.851428571429	0.895705521472	0.868787276342	0.928909952607	1.0	0.91156462585	0.857627118644	0.88	0.88850174216	0.851752021563	0.0	0.838046272494	0.9	0.889240506329	0.936392075078	0.884007029877	0.916492693111	0.9	0.819875776398	0.865771812081	0.934375	0.936562860438	0.931098696462	0.90756302521	0.869565217391	0.884341637011	0.911138923655	0.901587301587	0.893617021277	0.890243902439	0.911371237458	0.919770773639	0.88614800759	0.931937172775	0.918681318681	0.875838926174	0.872093023256
4RF2	0.918032786885	0.913865546218	0.866666666667	0.899563318777	0.868725868726	0.870175438596	0.875502008032	0.883561643836	0.912280701754	1.0	0.883720930233	0.862831858407	0.831050228311	0.856459330144	0.85049833887	0.838046272494	0.0	0.896995708155	0.84188034188	0.941441441441	0.89	0.896984924623	0.849056603774	0.795180722892	0.905128205128	0.922285714286	0.932826362484	0.930735930736	0.860294117647	0.878787878788	0.90380761523	0.911845730028	0.858369098712	0.896551724138	0.874396135266	0.88693957115	0.875	0.878318584071	0.946188340807	0.901333333333	0.840909090909	0.896457765668
4RF3	0.936218678815	0.908940397351	0.915187376726	0.965879265092	0.925925925926	0.881927710843	0.909560723514	0.917667238422	0.931392931393	1.0	0.926966292135	0.91280653951	0.921409214092	0.923728813559	0.89841986456	0.9	0.896995708155	0.0	0.927272727273	0.951550387597	0.917701863354	0.939781021898	0.920289855072	0.886649874055	0.905769230769	0.941463414634	0.933911159263	0.936454849498	0.92380952381	0.885135135135	0.920062695925	0.906103286385	0.929133858268	0.909379968203	0.925795053004	0.831147540984	0.891414141414	0.857394366197	0.940254652302	0.938697318008	0.912328767123	0.927450980392
1KM2	0.956193353474	0.941475826972	0.899641577061	0.864661654135	0.883720930233	0.854922279793	0.822368421053	0.900849858357	0.911646586345	1.0	0.879032258065	0.827067669173	0.739837398374	0.8	0.827751196172	0.889240506329	0.84188034188	0.927272727273	0.0	0.961633663366	0.9216152019	0.920127795527	0.834285714286	0.779141104294	0.891156462585	0.96049382716	0.954866008463	0.946380697051	0.89417989418	0.9140625	0.909535452323	0.938366718028	0.854166666667	0.916870415648	0.91369047619	0.901869158879	0.873563218391	0.911528150134	0.964197530864	0.920138888889	0.824427480916	0.865671641791
LB1	0.810148731409	0.883744855967	0.89592760181	0.976279650437	0.951278928136	0.957845433255	0.959509202454	0.95450049456	0.942632170979	1.0	0.958762886598	0.972602739726	0.960907944515	0.971974522293	0.944572748268	0.936392075078	0.941441441441	0.951550387597	0.961633663366	0.0	0.817894736842	0.845183486239	0.95947556615	0.94403892944	0.964620187305	0.8698578908	0.845208845209	0.84940411701	0.935757575758	0.904137235116	0.886113886114	0.86359832636	0.948297604035	0.918287937743	0.909282700422	0.928504233302	0.956574185766	0.941929133858	0.912761355443	0.905027932961	0.967377666248	0.956008583691
LB3	0.825301204819	0.831385642738	0.818	0.941605839416	0.895591647332	0.925531914894	0.923255813953	0.916129032258	0.905325443787	1.0	0.912596401028	0.926829268293	0.916049382716	0.926208651399	0.883966244726	0.884007029877	0.89	0.917701863354	0.9216152019	0.817894736842	0.0	0.792233009709	0.910714285714	0.889655172414	0.935427574171	0.882936507937	0.836549375709	0.828719723183	0.887133182844	0.83940397351	0.833865814696	0.851239669421	0.899509803922	0.876352395672	0.863397548161	0.88790560472	0.918918918919	0.890675241158	0.912875121007	0.875236294896	0.918518518519	0.921100917431
LB2	0.859229747676	0.848126232742	0.824257425743	0.960912052117	0.912386706949	0.925414364641	0.938837920489	0.93893129771	0.924019607843	1.0	0.91519434629	0.927152317881	0.912457912458	0.93006993007	0.918848167539	0.916492693111	0.896984924623	0.939781021898	0.920127795527	0.845183486239	0.792233009709	0.0	0.912280701754	0.907738095238	0.9284164859	0.900979325354	0.86375	0.83367983368	0.864457831325	0.88783269962	0.862962962963	0.89703989704	0.886287625418	0.895117540687	0.863539445629	0.922297297297	0.923076923077	0.933085501859	0.926439232409	0.851318944844	0.923076923077	0.936936936937
poscontrol1	0.944687045124	0.923444976077	0.889250814332	0.89880952381	0.858585858586	0.861607142857	0.854838709677	0.906735751295	0.906810035842	1.0	0.854304635762	0.862275449102	0.833333333333	0.821917808219	0.842323651452	0.9	0.849056603774	0.920289855072	0.834285714286	0.95947556615	0.910714285714	0.912280701754	0.0	0.79274611399	0.905775075988	0.959619952494	0.938356164384	0.929824561404	0.86976744186	0.897310513447	0.909090909091	0.927299703264	0.843023255814	0.915909090909	0.903846153846	0.909090909091	0.904761904762	0.905472636816	0.956989247312	0.91167192429	0.817610062893	0.888157894737
2KM3	0.933333333333	0.914634146341	0.868686868687	0.853503184713	0.798913043478	0.774509803922	0.790697674419	0.848066298343	0.905109489051	1.0	0.825174825175	0.766666666667	0.731034482759	0.725190839695	0.748858447489	0.819875776398	0.795180722892	0.886649874055	0.779141104294	0.94403892944	0.889655172414	0.907738095238	0.79274611399	0.0	0.828382838284	0.946795646917	0.936464088398	0.939698492462	0.866666666667	0.85641025641	0.884976525822	0.902140672783	0.838323353293	0.88679245283	0.861271676301	0.898454746137	0.869346733668	0.8671875	0.921739130435	0.896103896104	0.78	0.84375
1KM3	0.947826086957	0.934823091248	0.915690866511	0.941379310345	0.905660377358	0.847094801223	0.868243243243	0.864300626305	0.929824561404	1.0	0.923357664234	0.877697841727	0.889285714286	0.886363636364	0.844380403458	0.865771812081	0.905128205128	0.905769230769	0.891156462585	0.964620187305	0.935427574171	0.9284164859	0.905775075988	0.828382838284	0.0	0.953878406709	0.948417350528	0.946257197697	0.910447761194	0.898076923077	0.91726618705	0.918053777209	0.915540540541	0.910909090909	0.912317327766	0.929914529915	0.933333333333	0.912959381044	0.94261424017	0.931350114416	0.896797153025	0.888888888889
LF1	0.859414225941	0.910910910911	0.918232044199	0.976368159204	0.948905109489	0.956775700935	0.960927960928	0.957718780728	0.958011049724	1.0	0.964240102171	0.968866749689	0.954487989886	0.969465648855	0.950800915332	0.934375	0.922285714286	0.941463414634	0.96049382716	0.8698578908	0.882936507937	0.900979325354	0.959619952494	0.946795646917	0.953878406709	0.0	0.848410757946	0.888308977035	0.934703748489	0.916417910448	0.919806763285	0.874276261373	0.951127819549	0.915369649805	0.934224049332	0.93370681606	0.959232613909	0.929493545184	0.928368794326	0.943010752688	0.962311557789	0.955032119914
LF3	0.828226555246	0.866819747417	0.888607594937	0.970042796006	0.947586206897	0.946808510638	0.956884561892	0.948464912281	0.935524652339	1.0	0.957415565345	0.961428571429	0.950867052023	0.957352941176	0.933333333333	0.936562860438	0.932826362484	0.933911159263	0.954866008463	0.845208845209	0.836549375709	0.86375	0.938356164384	0.936464088398	0.948417350528	0.848410757946	0.0	0.837153196622	0.924137931034	0.902222222222	0.879955947137	0.855585831063	0.93487698987	0.925847457627	0.919168591224	0.919003115265	0.943526170799	0.921633554084	0.931818181818	0.908415841584	0.956834532374	0.949579831933
LF2	0.847414880202	0.848648648649	0.862660944206	0.963988919668	0.935897435897	0.937799043062	0.93085106383	0.951972555746	0.919037199125	1.0	0.941520467836	0.947222222222	0.932203389831	0.944444444444	0.926605504587	0.931098696462	0.930735930736	0.936454849498	0.946380697051	0.84940411701	0.828719723183	0.83367983368	0.929824561404	0.939698492462	0.946257197697	0.888308977035	0.837153196622	0.0	0.880829015544	0.885017421603	0.875630252101	0.899879372738	0.907042253521	0.911764705882	0.892655367232	0.922239502333	0.93112244898	0.941077441077	0.932663316583	0.880503144654	0.943977591036	0.933198380567
BRF2	0.912071535022	0.882063882064	0.827118644068	0.950276243094	0.873170731707	0.902953586498	0.887755102041	0.907928388747	0.904593639576	1.0	0.805369127517	0.879310344828	0.865497076023	0.872611464968	0.886274509804	0.90756302521	0.860294117647	0.92380952381	0.89417989418	0.935757575758	0.887133182844	0.864457831325	0.86976744186	0.866666666667	0.910447761194	0.934703748489	0.924137931034	0.880829015544	0.0	0.854271356784	0.858823529412	0.937226277372	0.80701754386	0.914414414414	0.845714285714	0.905376344086	0.901869158879	0.890274314214	0.929268292683	0.870967741935	0.83734939759	0.914556962025
BRF3	0.869879518072	0.836842105263	0.833684210526	0.924324324324	0.862694300518	0.875	0.910485933504	0.893728222997	0.911764705882	1.0	0.906515580737	0.907859078591	0.904632152589	0.903133903134	0.87414187643	0.869565217391	0.878787878788	0.885135135135	0.9140625	0.904137235116	0.83940397351	0.88783269962	0.897310513447	0.85641025641	0.898076923077	0.916417910448	0.902222222222	0.885017421603	0.854271356784	0.0	0.79057591623	0.873646209386	0.895442359249	0.87987012987	0.847457627119	0.891808346213	0.906172839506	0.866319444444	0.879256965944	0.88622754491	0.89226519337	0.906746031746
BRF1	0.843301435407	0.848585690516	0.831663326653	0.935162094763	0.914153132251	0.905286343612	0.929411764706	0.907894736842	0.921104536489	1.0	0.916449086162	0.906329113924	0.903307888041	0.919060052219	0.898520084567	0.884341637011	0.90380761523	0.920062695925	0.909535452323	0.886113886114	0.833865814696	0.862962962963	0.909090909091	0.884976525822	0.91726618705	0.919806763285	0.879955947137	0.875630252101	0.858823529412	0.79057591623	0.0	0.890804597701	0.900249376559	0.886996904025	0.869488536155	0.889880952381	0.912442396313	0.885620915033	0.897131552918	0.884030418251	0.886010362694	0.90359168242
MRB3	0.848715509039	0.896103896104	0.898666666667	0.964451313756	0.927601809955	0.918128654971	0.932721712538	0.925355450237	0.95225464191	1.0	0.948881789137	0.946957878315	0.93522906793	0.940322580645	0.914772727273	0.911138923655	0.911845730028	0.906103286385	0.938366718028	0.86359832636	0.851239669421	0.89703989704	0.927299703264	0.902140672783	0.918053777209	0.874276261373	0.855585831063	0.899879372738	0.937226277372	0.873646209386	0.890804597701	0.0	0.934579439252	0.882694541231	0.914004914005	0.925	0.946980854197	0.934331797235	0.915335463259	0.917861799218	0.941823899371	0.928385416667
MRB2	0.936434108527	0.915567282322	0.897810218978	0.893939393939	0.845679012346	0.857142857143	0.847682119205	0.924157303371	0.900826446281	1.0	0.844827586207	0.847328244275	0.837209302326	0.84347826087	0.862559241706	0.901587301587	0.858369098712	0.929133858268	0.854166666667	0.948297604035	0.899509803922	0.886287625418	0.843023255814	0.838323353293	0.915540540541	0.951127819549	0.93487698987	0.907042253521	0.80701754386	0.895442359249	0.900249376559	0.934579439252	0.0	0.913151364764	0.888888888889	0.923611111111	0.908571428571	0.919137466307	0.950943396226	0.887272727273	0.81746031746	0.89667896679
MRB1	0.919282511211	0.902866242038	0.90359168242	0.945273631841	0.900709219858	0.889887640449	0.908212560386	0.901993355482	0.922772277228	1.0	0.935400516796	0.905612244898	0.899742930591	0.912698412698	0.886021505376	0.893617021277	0.896551724138	0.909379968203	0.916870415648	0.918287937743	0.876352395672	0.895117540687	0.915909090909	0.88679245283	0.910909090909	0.915369649805	0.925847457627	0.911764705882	0.914414414414	0.87987012987	0.886996904025	0.882694541231	0.913151364764	0.0	0.894280762565	0.918486171761	0.938914027149	0.908360128617	0.922480620155	0.918518518519	0.899484536082	0.892514395393
TMI1	0.896637608966	0.89110707804	0.845977011494	0.928792569659	0.865102639296	0.896551724138	0.906432748538	0.906191369606	0.928735632184	1.0	0.904918032787	0.899686520376	0.90625	0.89	0.871794871795	0.890243902439	0.874396135266	0.925795053004	0.91369047619	0.909282700422	0.863397548161	0.863539445629	0.903846153846	0.861271676301	0.912317327766	0.934224049332	0.919168591224	0.892655367232	0.845714285714	0.847457627119	0.869488536155	0.914004914005	0.888888888889	0.894280762565	0.0	0.920454545455	0.934604904632	0.917117117117	0.892933618844	0.847380410023	0.895569620253	0.910480349345
740RF3	0.926327193933	0.908536585366	0.900362318841	0.951162790698	0.935064935065	0.910041841004	0.92841163311	0.919937205651	0.901923076923	1.0	0.924019607843	0.934579439252	0.916666666667	0.92118226601	0.890020366599	0.911371237458	0.88693957115	0.831147540984	0.901869158879	0.928504233302	0.88790560472	0.922297297297	0.909090909091	0.898454746137	0.929914529915	0.93370681606	0.919003115265	0.922239502333	0.905376344086	0.891808346213	0.889880952381	0.925	0.923611111111	0.918486171761	0.920454545455	0.0	0.890380313199	0.823333333333	0.94926199262	0.937391304348	0.91646778043	0.921428571429
740RF2	0.940915805022	0.927184466019	0.893687707641	0.952662721893	0.936585365854	0.897321428571	0.903743315508	0.927461139896	0.90405904059	1.0	0.877551020408	0.883435582822	0.847133757962	0.868965517241	0.902834008097	0.919770773639	0.875	0.891414141414	0.873563218391	0.956574185766	0.918918918919	0.923076923077	0.904761904762	0.869346733668	0.933333333333	0.959232613909	0.943526170799	0.93112244898	0.901869158879	0.906172839506	0.912442396313	0.946980854197	0.908571428571	0.938914027149	0.934604904632	0.890380313199	0.0	0.872062663185	0.962829736211	0.926751592357	0.88198757764	0.928571428571
740RF1	0.924593967517	0.916943521595	0.900809716599	0.94262295082	0.937965260546	0.8961352657	0.927648578811	0.901408450704	0.912017167382	1.0	0.919308357349	0.886363636364	0.910863509749	0.915942028986	0.899313501144	0.88614800759	0.878318584071	0.857394366197	0.911528150134	0.941929133858	0.890675241158	0.933085501859	0.905472636816	0.8671875	0.912959381044	0.929493545184	0.921633554084	0.941077441077	0.890274314214	0.866319444444	0.885620915033	0.934331797235	0.919137466307	0.908360128617	0.917117117117	0.823333333333	0.872062663185	0.0	0.946078431373	0.933723196881	0.892045454545	0.904665314402
TMI2	0.902340597256	0.912825651303	0.908277404922	0.973717146433	0.938347718866	0.936678614098	0.954377311961	0.945109780439	0.969298245614	1.0	0.958762886598	0.953045685279	0.955640050697	0.960051546392	0.937209302326	0.931937172775	0.946188340807	0.940254652302	0.964197530864	0.912761355443	0.912875121007	0.926439232409	0.956989247312	0.921739130435	0.94261424017	0.928368794326	0.931818181818	0.932663316583	0.929268292683	0.879256965944	0.897131552918	0.915335463259	0.950943396226	0.922480620155	0.892933618844	0.94926199262	0.962829736211	0.946078431373	0.0	0.911111111111	0.952926208651	0.94696969697
TMI3	0.896551724138	0.886	0.854219948849	0.960854092527	0.886287625418	0.916167664671	0.922558922559	0.931313131313	0.932642487047	1.0	0.897637795276	0.916058394161	0.931407942238	0.935114503817	0.890804597701	0.918681318681	0.901333333333	0.938697318008	0.920138888889	0.905027932961	0.875236294896	0.851318944844	0.91167192429	0.896103896104	0.931350114416	0.943010752688	0.908415841584	0.880503144654	0.870967741935	0.88622754491	0.884030418251	0.917861799218	0.887272727273	0.918518518519	0.847380410023	0.937391304348	0.926751592357	0.933723196881	0.911111111111	0.0	0.919413919414	0.937947494033
1KM1	0.955108359133	0.930481283422	0.889312977099	0.875	0.886075949367	0.82183908046	0.835714285714	0.879518072289	0.914893617021	1.0	0.828571428571	0.715596330275	0.780701754386	0.742268041237	0.837563451777	0.875838926174	0.840909090909	0.912328767123	0.824427480916	0.967377666248	0.918518518519	0.923076923077	0.817610062893	0.78	0.896797153025	0.962311557789	0.956834532374	0.943977591036	0.83734939759	0.89226519337	0.886010362694	0.941823899371	0.81746031746	0.899484536082	0.895569620253	0.91646778043	0.88198757764	0.892045454545	0.952926208651	0.919413919414	0.0	0.843373493976
2KM1	0.953045685279	0.936170212766	0.911111111111	0.903846153846	0.913333333333	0.858520900322	0.857664233577	0.87012987013	0.939790575916	1.0	0.925196850394	0.835341365462	0.857707509881	0.861924686192	0.85498489426	0.872093023256	0.896457765668	0.927450980392	0.865671641791	0.956008583691	0.921100917431	0.936936936937	0.888157894737	0.84375	0.888888888889	0.955032119914	0.949579831933	0.933198380567	0.914556962025	0.906746031746	0.90359168242	0.928385416667	0.89667896679	0.892514395393	0.910480349345	0.921428571429	0.928571428571	0.904665314402	0.94696969697	0.937947494033	0.843373493976	0.0