	PN1	PN3	PN2	pcrblank	negcontrol1	500M3	500M2	500M1	340RF3	340RF2	340RF1	4KM1	2KM2	4KM2	4KM3	4RF1	4RF2	4RF3	1KM2	LB1	LB3	LB2	poscontrol1	2KM3	1KM3	LF1	LF3	LF2	BRF2	BRF3	BRF1	MRB3	MRB2	MRB1	TMI1	740RF3	740RF2	740RF1	TMI2	TMI3	1KM1	2KM1
PN1	0.0	0.611991178559	0.771009766276	0.997784734809	0.997724755864	0.93521399433	0.9810754009	0.997664089665	0.841278383186	1.0	0.995866281401	0.99684700968	0.981864953036	0.997126879072	0.995585386729	0.878417271152	0.916483944842	0.825551862452	0.994252926157	0.486027234792	0.598169582773	0.78262231971	0.984192373173	0.995723146294	0.990405123302	0.637861149843	0.533120461106	0.641709618845	0.942510449501	0.659385971465	0.621074566836	0.51121234832	0.984059109882	0.741872678683	0.796502307505	0.813500207352	0.911526954453	0.742676791267	0.712702410939	0.755385707447	0.984223229528	0.852099224883
PN3	0.611991178559	0.0	0.55654855328	0.999472969412	0.99660079653	0.98394121337	0.983970740958	0.99783812785	0.793922988428	1.0	0.989341189073	0.994657123415	0.966211012707	0.995099344804	0.99279646087	0.883478465521	0.913678849895	0.825512175042	0.995259703428	0.713273918432	0.513463403503	0.578303016259	0.991207393273	0.993047562042	0.993889706637	0.814171896968	0.694106591489	0.612603732791	0.858907294391	0.543002393153	0.575856317157	0.764128898574	0.958191081464	0.724133848946	0.67874718951	0.847367312388	0.865833979504	0.734873328368	0.800437875058	0.698620295534	0.964011139409	0.834454873082
PN2	0.771009766276	0.55654855328	0.0	0.998042788689	0.992698509279	0.995068705674	0.981622280951	0.997944751175	0.852286568486	1.0	0.980499971657	0.992592592593	0.992129227108	0.992155544349	0.991588874375	0.892189151514	0.893820353779	0.922738569754	0.985437384123	0.846377837589	0.523256044588	0.537632062829	0.981869352688	0.989300307511	0.995265200251	0.897687718181	0.837006211276	0.593315279032	0.731857546427	0.654564888873	0.640549637392	0.86224018037	0.94471951684	0.841873905644	0.631907430185	0.925809841627	0.806981226354	0.852885080703	0.876659408583	0.694459153709	0.952227301246	0.893723545773
pcrblank	0.997784734809	0.999472969412	0.998042788689	0.0	0.974493220567	0.991430033257	0.996965252137	0.985716941077	0.999189660062	1.0	0.997659358664	0.98785959356	0.993305537612	0.994010596637	0.996084779581	0.998412094547	0.996331318142	0.999705307413	0.995813373053	0.999378911992	0.996183624679	0.998679529032	0.998133490028	0.995136135342	0.997227306697	0.999606460265	0.999292928481	0.999166210688	0.998568787644	0.996520894858	0.997765743932	0.999268327737	0.996753965326	0.99885483766	0.996878038794	0.999189611592	0.999223937225	0.998502307669	0.999393871514	0.999128587768	0.997827329903	0.998844168186
negcontrol1	0.997724755864	0.99660079653	0.992698509279	0.974493220567	0.0	0.834831460674	0.632214220509	0.959699697748	0.997718631179	1.0	0.965576592083	0.895499618612	0.891246311648	0.876567020251	0.777070446219	0.94563260461	0.978537195249	0.960713469512	0.950298077567	0.998385125375	0.991760320619	0.992046567921	0.994321468006	0.838720426524	0.973282211194	0.998821005748	0.998358723646	0.995854849475	0.967624325507	0.992460658807	0.994079530092	0.992581830374	0.964864122976	0.971553643195	0.990742645546	0.997546457298	0.994277970185	0.996361802529	0.997194634562	0.994778067885	0.944048561626	0.960708714719
500M3	0.93521399433	0.98394121337	0.995068705674	0.991430033257	0.834831460674	0.0	0.797201997484	0.917943338762	0.929779306392	1.0	0.994916748794	0.901656027385	0.871014431059	0.943135745445	0.735654806964	0.909950836085	0.965639390719	0.949511836916	0.94799220522	0.984184344218	0.940716549803	0.975626389918	0.980391602859	0.894628994759	0.874280045753	0.939362965413	0.907591717016	0.850984589996	0.979510137317	0.996314847943	0.979755719009	0.898931902517	0.975520807314	0.938852677446	0.99503732982	0.952649932798	0.950026975991	0.898575720485	0.976441593731	0.996433864394	0.960420841683	0.905748980173
500M2	0.9810754009	0.983970740958	0.981622280951	0.996965252137	0.632214220509	0.797201997484	0.0	0.943403992591	0.989531394536	1.0	0.989457444073	0.805278244539	0.869224353628	0.858466933868	0.745493402713	0.915406546609	0.954554905397	0.939377028172	0.920614079386	0.99746904224	0.99033387582	0.992890568754	0.969948099782	0.80916690689	0.947806163364	0.99487452148	0.990939389372	0.978884223155	0.975618073316	0.986801504538	0.981998953428	0.921302394704	0.981211836543	0.947887363173	0.980845500749	0.978684784262	0.980721564307	0.983011838728	0.992435806575	0.949436606382	0.925628463577	0.937687945405
500M1	0.997664089665	0.99783812785	0.997944751175	0.985716941077	0.959699697748	0.917943338762	0.943403992591	0.0	0.996182092119	1.0	0.998825172345	0.975411872738	0.983311802452	0.987371726822	0.863751779325	0.901672638649	0.985962192654	0.944545505273	0.98382396088	0.99810180104	0.997121998016	0.998547844696	0.993172841828	0.971637390474	0.770293039861	0.992629228767	0.997017823705	0.998669983073	0.997579052433	0.992636798663	0.99662118059	0.969238512168	0.998438942879	0.960882699962	0.993664529089	0.990975516809	0.996461338131	0.968328864558	0.995462319802	0.998405341231	0.97917786278	0.931450652069
340RF3	0.841278383186	0.793922988428	0.852286568486	0.999189660062	0.997718631179	0.929779306392	0.989531394536	0.996182092119	0.0	1.0	0.989456501378	0.988012491186	0.955604723311	0.988396540253	0.989044311846	0.955463539155	0.912864775997	0.888946047977	0.991132346689	0.85790073115	0.800613015896	0.886596545402	0.988183161004	0.988911127982	0.996013038903	0.914329423763	0.877712084505	0.788530295085	0.938965659108	0.788863359914	0.778171289714	0.897864051434	0.978219224814	0.769184492638	0.933836240767	0.844079060262	0.85992543878	0.764785633321	0.953645050614	0.978783823481	0.988868274583	0.880685035834
340RF2	1.0	1.0	1.0	1.0	1.0	1.0	1.0	1.0	1.0	0.0	1.0	1.0	1.0	1.0	1.0	1.0	1.0	1.0	1.0	1.0	1.0	1.0	1.0	1.0	1.0	1.0	1.0	1.0	1.0	1.0	1.0	1.0	1.0	1.0	1.0	1.0	1.0	1.0	1.0	1.0	1.0	1.0
340RF1	0.995866281401	0.989341189073	0.980499971657	0.997659358664	0.965576592083	0.994916748794	0.989457444073	0.998825172345	0.989456501378	1.0	0.0	0.981662978185	0.980540111199	0.953398058252	0.989567604667	0.995873225487	0.986149065998	0.995189738108	0.995641344956	0.996719683404	0.986904761905	0.975769482646	0.993741882158	0.984397572956	0.999053973312	0.997846802778	0.996656707924	0.986356401122	0.904103852596	0.989584724262	0.989417211729	0.996994634288	0.802816901408	0.995004009128	0.99121284844	0.994850590764	0.963753236318	0.990793585449	0.99710995064	0.993448987019	0.983263598326	0.995992288191
4KM1	0.99684700968	0.994657123415	0.992592592593	0.98785959356	0.895499618612	0.901656027385	0.805278244539	0.975411872738	0.988012491186	1.0	0.981662978185	0.0	0.669423728814	0.671712674384	0.873676740198	0.95791587111	0.922001927578	0.980205541146	0.71251728452	0.998447354218	0.994935863547	0.994321085808	0.96970482959	0.811467444121	0.97401874811	0.99844111956	0.997595881641	0.997145343777	0.974982431483	0.995676653931	0.992400370714	0.985720262167	0.971289412971	0.969370897888	0.99367862969	0.984617021277	0.974741506647	0.982251703119	0.99531411605	0.99504950495	0.878509443594	0.922770187064
2KM2	0.981864953036	0.966211012707	0.992129227108	0.993305537612	0.891246311648	0.871014431059	0.869224353628	0.983311802452	0.955604723311	1.0	0.980540111199	0.669423728814	0.0	0.792827165204	0.915770418486	0.970043283469	0.916443007276	0.983514145926	0.851582649472	0.977349299185	0.947900137522	0.941381788317	0.971063829787	0.631219687444	0.981028528173	0.990449880758	0.985035482876	0.946074906857	0.939474855363	0.99625513119	0.973708169565	0.965435361649	0.916868721857	0.976862041005	0.949579831933	0.974737413036	0.903198598586	0.960140842627	0.985777975306	0.995508102692	0.908126480585	0.961703645573
4KM2	0.997126879072	0.995099344804	0.992155544349	0.994010596637	0.876567020251	0.943135745445	0.858466933868	0.987371726822	0.988396540253	1.0	0.953398058252	0.671712674384	0.792827165204	0.0	0.923253925284	0.976741319088	0.959359560162	0.987868553781	0.925999693581	0.998542668269	0.995917884399	0.996381493926	0.968618758749	0.840067340067	0.986019716421	0.998522047956	0.997727877873	0.99774368231	0.96908871939	0.995272369924	0.992931484145	0.991917161522	0.950226244344	0.982907559409	0.992964713642	0.989941981343	0.971947050057	0.983782876955	0.995628446527	0.995829155805	0.862528493775	0.982778189743
4KM3	0.995585386729	0.99279646087	0.991588874375	0.996084779581	0.777070446219	0.735654806964	0.745493402713	0.863751779325	0.989044311846	1.0	0.989567604667	0.873676740198	0.915770418486	0.923253925284	0.0	0.903841826073	0.960256061692	0.935724356374	0.939159208844	0.99723169235	0.992818823132	0.992486903777	0.977968974058	0.868685891233	0.875789205161	0.997588160434	0.996307741066	0.992076148709	0.984450923226	0.994413080424	0.99189986622	0.940010463291	0.984060621897	0.934247690781	0.992260782249	0.983815116643	0.983164308334	0.98330034084	0.994724364318	0.994333983106	0.950527464533	0.8888456273
4RF1	0.878417271152	0.883478465521	0.892189151514	0.998412094547	0.94563260461	0.909950836085	0.915406546609	0.901672638649	0.955463539155	1.0	0.995873225487	0.95791587111	0.970043283469	0.976741319088	0.903841826073	0.0	0.791185291784	0.75314300681	0.973779923291	0.87216012938	0.891826686361	0.942807184867	0.987859642603	0.949232066273	0.852081640308	0.876196637612	0.926510268326	0.934320373923	0.973595848596	0.854592466357	0.905291597427	0.902469783437	0.99012235275	0.897610496746	0.930224155236	0.963029698279	0.900885437025	0.773943668939	0.927151469882	0.951415661402	0.972034552195	0.820038233506
4RF2	0.916483944842	0.913678849895	0.893820353779	0.996331318142	0.978537195249	0.965639390719	0.954554905397	0.985962192654	0.912864775997	1.0	0.986149065998	0.922001927578	0.916443007276	0.959359560162	0.960256061692	0.791185291784	0.0	0.886686776667	0.947182280507	0.933892936531	0.886869841483	0.898199664715	0.977117239125	0.950565359178	0.985634266886	0.920759365263	0.951761074932	0.912348158776	0.922517528127	0.865443521647	0.929245990106	0.928597951728	0.97588430294	0.883624822296	0.890474572432	0.918928115695	0.72919924508	0.820042858944	0.963495675372	0.960962503457	0.97043267699	0.96076807393
4RF3	0.825551862452	0.825512175042	0.922738569754	0.999705307413	0.960713469512	0.949511836916	0.939377028172	0.944545505273	0.888946047977	1.0	0.995189738108	0.980205541146	0.983514145926	0.987868553781	0.935724356374	0.75314300681	0.886686776667	0.0	0.984327127033	0.844469080388	0.903364223716	0.943810309437	0.990275863371	0.971868287698	0.932872667139	0.763081707453	0.755649100512	0.913565051573	0.975661262799	0.832016388645	0.867401101652	0.758155303936	0.995494003048	0.826685561247	0.959541307326	0.493393119101	0.920846434097	0.594003861682	0.967365172616	0.986685779111	0.974513394227	0.862776626178
1KM2	0.994252926157	0.995259703428	0.985437384123	0.995813373053	0.950298077567	0.94799220522	0.920614079386	0.98382396088	0.991132346689	1.0	0.995641344956	0.71251728452	0.851582649472	0.925999693581	0.939159208844	0.973779923291	0.947182280507	0.984327127033	0.0	0.996439857042	0.990355953007	0.996629295816	0.969546302051	0.919983109891	0.982438284972	0.99827077401	0.995437311227	0.997240302005	0.99	0.996765651216	0.989138045227	0.950700499657	0.991314588547	0.979993756179	0.995550896213	0.990278246612	0.97451022605	0.984907966089	0.995889707142	0.996408456453	0.947948176474	0.800351746537
LB1	0.486027234792	0.713273918432	0.846377837589	0.999378911992	0.998385125375	0.984184344218	0.99746904224	0.99810180104	0.85790073115	1.0	0.996719683404	0.998447354218	0.977349299185	0.998542668269	0.99723169235	0.87216012938	0.933892936531	0.844469080388	0.996439857042	0.0	0.684374434184	0.833659066232	0.99649730252	0.989727505539	0.998211141762	0.588597006539	0.513457150568	0.750548979025	0.958587231307	0.77500811042	0.750229887052	0.602102712221	0.988208182444	0.718942632856	0.83620543427	0.85049452293	0.937539691956	0.808775891899	0.773083713403	0.842034447357	0.989039662177	0.848355500775
LB3	0.598169582773	0.513463403503	0.523256044588	0.996183624679	0.991760320619	0.940716549803	0.99033387582	0.997121998016	0.800613015896	1.0	0.986904761905	0.994935863547	0.947900137522	0.995917884399	0.992818823132	0.891826686361	0.886869841483	0.903364223716	0.990355953007	0.684374434184	0.0	0.471256712317	0.981936677797	0.97435639075	0.996569771554	0.788903329562	0.665863398513	0.333998174504	0.843257349808	0.674627248259	0.666589670775	0.733160010813	0.951424078281	0.701151309051	0.675882461035	0.891881032169	0.838188143802	0.817831750119	0.771136840397	0.649213111903	0.943040785933	0.907591562003
LB2	0.78262231971	0.578303016259	0.537632062829	0.998679529032	0.992046567921	0.975626389918	0.992890568754	0.998547844696	0.886596545402	1.0	0.975769482646	0.994321085808	0.941381788317	0.996381493926	0.992486903777	0.942807184867	0.898199664715	0.943810309437	0.996629295816	0.833659066232	0.471256712317	0.0	0.983303594188	0.985866716586	0.998311915765	0.890475119138	0.821842250414	0.471590909091	0.699719071897	0.800158023549	0.776937412923	0.863830717496	0.902673663168	0.802945849832	0.665936288556	0.951765670502	0.801614223886	0.912472196444	0.863404133925	0.66315252074	0.931304217019	0.949974476774
poscontrol1	0.984192373173	0.991207393273	0.981869352688	0.998133490028	0.994321468006	0.980391602859	0.969948099782	0.993172841828	0.988183161004	1.0	0.993741882158	0.96970482959	0.971063829787	0.968618758749	0.977968974058	0.987859642603	0.977117239125	0.990275863371	0.969546302051	0.99649730252	0.981936677797	0.983303594188	0.0	0.969091856225	0.992286158631	0.985256540256	0.980852089782	0.9864	0.986692197224	0.992531600665	0.991358566787	0.992277108051	0.990948178321	0.988414890201	0.988101576425	0.991482254697	0.981695039356	0.987693192438	0.995535714286	0.994907328061	0.975475452316	0.988242038372
2KM3	0.995723146294	0.993047562042	0.989300307511	0.995136135342	0.838720426524	0.894628994759	0.80916690689	0.971637390474	0.988911127982	1.0	0.984397572956	0.811467444121	0.631219687444	0.840067340067	0.868685891233	0.949232066273	0.950565359178	0.971868287698	0.919983109891	0.989727505539	0.97435639075	0.985866716586	0.969091856225	0.0	0.968692875489	0.997746015468	0.987466473238	0.994889791898	0.973146956042	0.993661438119	0.991517295765	0.984250470515	0.978067885117	0.947230443975	0.977518608926	0.985188064526	0.977917798717	0.981726263458	0.983631278789	0.994160962792	0.916343251401	0.947451056676
1KM3	0.990405123302	0.993889706637	0.995265200251	0.997227306697	0.973282211194	0.874280045753	0.947806163364	0.770293039861	0.996013038903	1.0	0.999053973312	0.97401874811	0.981028528173	0.986019716421	0.875789205161	0.852081640308	0.985634266886	0.932872667139	0.982438284972	0.998211141762	0.996569771554	0.998311915765	0.992286158631	0.968692875489	0.0	0.965691879158	0.982789515356	0.993616498895	0.993949316629	0.989329411664	0.988698029634	0.944712660873	0.998273182525	0.953257044693	0.989887145042	0.985570154172	0.996185772712	0.966559611291	0.993223956006	0.997064494777	0.983484101683	0.935743027135
LF1	0.637861149843	0.814171896968	0.897687718181	0.999606460265	0.998821005748	0.939362965413	0.99487452148	0.992629228767	0.914329423763	1.0	0.997846802778	0.99844111956	0.990449880758	0.998522047956	0.997588160434	0.876196637612	0.920759365263	0.763081707453	0.99827077401	0.588597006539	0.788903329562	0.890475119138	0.985256540256	0.997746015468	0.965691879158	0.0	0.442182493869	0.798885276359	0.97551302694	0.863832796778	0.858576448402	0.639196846131	0.992620859543	0.805836331449	0.923678919122	0.736581814438	0.963896126954	0.793876180249	0.823175836947	0.892279704045	0.98872975635	0.883806235402
LF3	0.533120461106	0.694106591489	0.837006211276	0.999292928481	0.998358723646	0.907591717016	0.990939389372	0.997017823705	0.877712084505	1.0	0.996656707924	0.997595881641	0.985035482876	0.997727877873	0.996307741066	0.926510268326	0.951761074932	0.755649100512	0.995437311227	0.513457150568	0.665863398513	0.821842250414	0.980852089782	0.987466473238	0.982789515356	0.442182493869	0.0	0.69115963659	0.95667262232	0.769259147466	0.753681269308	0.543393702937	0.98713803643	0.744951612538	0.8586267796	0.800266599771	0.937203376723	0.782458308346	0.833400946586	0.820091076418	0.986682260942	0.88223961062
LF2	0.641709618845	0.612603732791	0.593315279032	0.999166210688	0.995854849475	0.850984589996	0.978884223155	0.998669983073	0.788530295085	1.0	0.986356401122	0.997145343777	0.946074906857	0.99774368231	0.992076148709	0.934320373923	0.912348158776	0.913565051573	0.997240302005	0.750548979025	0.333998174504	0.471590909091	0.9864	0.994889791898	0.993616498895	0.798885276359	0.69115963659	0.0	0.832421385721	0.770469947784	0.745537261046	0.755429270956	0.94233888807	0.749264494437	0.7506030733	0.886814021139	0.848216957267	0.801450577826	0.823273985195	0.671114115846	0.985318265237	0.92709575108
BRF2	0.942510449501	0.858907294391	0.731857546427	0.998568787644	0.967624325507	0.979510137317	0.975618073316	0.997579052433	0.938965659108	1.0	0.904103852596	0.974982431483	0.939474855363	0.96908871939	0.984450923226	0.973595848596	0.922517528127	0.975661262799	0.99	0.958587231307	0.843257349808	0.699719071897	0.986692197224	0.973146956042	0.993949316629	0.97551302694	0.95667262232	0.832421385721	0.0	0.867333381646	0.867732785384	0.968738149249	0.749365252086	0.961135980466	0.864806521249	0.973560080742	0.818385798192	0.948460613664	0.962571830084	0.879432376835	0.943062757964	0.972474042248
BRF3	0.659385971465	0.543002393153	0.654564888873	0.996520894858	0.992460658807	0.996314847943	0.986801504538	0.992636798663	0.788863359914	1.0	0.989584724262	0.995676653931	0.99625513119	0.995272369924	0.994413080424	0.854592466357	0.865443521647	0.832016388645	0.996765651216	0.77500811042	0.674627248259	0.800158023549	0.992531600665	0.993661438119	0.989329411664	0.863832796778	0.769259147466	0.770469947784	0.867333381646	0.0	0.450375765089	0.793283136937	0.977686404945	0.793225784199	0.716353247732	0.850579192716	0.807829032663	0.729986009638	0.803867105793	0.810627546862	0.97563986894	0.87249985365
BRF1	0.621074566836	0.575856317157	0.640549637392	0.997765743932	0.994079530092	0.979755719009	0.981998953428	0.99662118059	0.778171289714	1.0	0.989417211729	0.992400370714	0.973708169565	0.992931484145	0.99189986622	0.905291597427	0.929245990106	0.867401101652	0.989138045227	0.750229887052	0.666589670775	0.776937412923	0.991358566787	0.991517295765	0.988698029634	0.858576448402	0.753681269308	0.745537261046	0.867732785384	0.450375765089	0.0	0.813273837794	0.963906735003	0.814876632109	0.769774306073	0.875996901062	0.866713543498	0.786767696226	0.801331575698	0.83527485091	0.960654152196	0.85820345707
MRB3	0.51121234832	0.764128898574	0.86224018037	0.999268327737	0.992581830374	0.898931902517	0.921302394704	0.969238512168	0.897864051434	1.0	0.996994634288	0.985720262167	0.965435361649	0.991917161522	0.940010463291	0.902469783437	0.928597951728	0.758155303936	0.950700499657	0.602102712221	0.733160010813	0.863830717496	0.992277108051	0.984250470515	0.944712660873	0.639196846131	0.543393702937	0.755429270956	0.968738149249	0.793283136937	0.813273837794	0.0	0.990255184425	0.737027629212	0.889364295873	0.819936356816	0.941198219969	0.817705913329	0.817209254161	0.854120955717	0.965448632628	0.84810556445
MRB2	0.984059109882	0.958191081464	0.94471951684	0.996753965326	0.964864122976	0.975520807314	0.981211836543	0.998438942879	0.978219224814	1.0	0.802816901408	0.971289412971	0.916868721857	0.950226244344	0.984060621897	0.99012235275	0.97588430294	0.995494003048	0.991314588547	0.988208182444	0.951424078281	0.902673663168	0.990948178321	0.978067885117	0.998273182525	0.992620859543	0.98713803643	0.94233888807	0.749365252086	0.977686404945	0.963906735003	0.990255184425	0.0	0.986644305534	0.960464364015	0.991623285966	0.944886506408	0.983388397719	0.991204599795	0.963717752385	0.967923015237	0.995256038792
MRB1	0.741872678683	0.724133848946	0.841873905644	0.99885483766	0.971553643195	0.938852677446	0.947887363173	0.960882699962	0.769184492638	1.0	0.995004009128	0.969370897888	0.976862041005	0.982907559409	0.934247690781	0.897610496746	0.883624822296	0.826685561247	0.979993756179	0.718942632856	0.701151309051	0.802945849832	0.988414890201	0.947230443975	0.953257044693	0.805836331449	0.744951612538	0.749264494437	0.961135980466	0.793225784199	0.814876632109	0.737027629212	0.986644305534	0.0	0.864190620438	0.902716312649	0.923593295139	0.874230648086	0.865252332964	0.776197933684	0.972815533981	0.856182785352
TMI1	0.796502307505	0.67874718951	0.631907430185	0.996878038794	0.990742645546	0.99503732982	0.980845500749	0.993664529089	0.933836240767	1.0	0.99121284844	0.99367862969	0.949579831933	0.992964713642	0.992260782249	0.930224155236	0.890474572432	0.959541307326	0.995550896213	0.83620543427	0.675882461035	0.665936288556	0.988101576425	0.977518608926	0.989887145042	0.923678919122	0.8586267796	0.7506030733	0.864806521249	0.716353247732	0.769774306073	0.889364295873	0.960464364015	0.864190620438	0.0	0.954546225471	0.897763066574	0.944618704675	0.833906450428	0.650715826633	0.948485420996	0.987691840146
740RF3	0.813500207352	0.847367312388	0.925809841627	0.999189611592	0.997546457298	0.952649932798	0.978684784262	0.990975516809	0.844079060262	1.0	0.994850590764	0.984617021277	0.974737413036	0.989941981343	0.983815116643	0.963029698279	0.918928115695	0.493393119101	0.990278246612	0.85049452293	0.891881032169	0.951765670502	0.991482254697	0.985188064526	0.985570154172	0.736581814438	0.800266599771	0.886814021139	0.973560080742	0.850579192716	0.875996901062	0.819936356816	0.991623285966	0.902716312649	0.954546225471	0.0	0.913620415923	0.589473100542	0.957142919086	0.992956405863	0.993003508626	0.892285112628
740RF2	0.911526954453	0.865833979504	0.806981226354	0.999223937225	0.994277970185	0.950026975991	0.980721564307	0.996461338131	0.85992543878	1.0	0.963753236318	0.974741506647	0.903198598586	0.971947050057	0.983164308334	0.900885437025	0.72919924508	0.920846434097	0.97451022605	0.937539691956	0.838188143802	0.801614223886	0.981695039356	0.977917798717	0.996185772712	0.963896126954	0.937203376723	0.848216957267	0.818385798192	0.807829032663	0.866713543498	0.941198219969	0.944886506408	0.923593295139	0.897763066574	0.913620415923	0.0	0.788962361716	0.960017846797	0.958126815929	0.956028726219	0.965193442623
740RF1	0.742676791267	0.734873328368	0.852885080703	0.998502307669	0.996361802529	0.898575720485	0.983011838728	0.968328864558	0.764785633321	1.0	0.990793585449	0.982251703119	0.960140842627	0.983782876955	0.98330034084	0.773943668939	0.820042858944	0.594003861682	0.984907966089	0.808775891899	0.817831750119	0.912472196444	0.987693192438	0.981726263458	0.966559611291	0.793876180249	0.782458308346	0.801450577826	0.948460613664	0.729986009638	0.786767696226	0.817705913329	0.983388397719	0.874230648086	0.944618704675	0.589473100542	0.788962361716	0.0	0.951353121248	0.974633465208	0.980073648346	0.861912397671
TMI2	0.712702410939	0.800437875058	0.876659408583	0.999393871514	0.997194634562	0.976441593731	0.992435806575	0.995462319802	0.953645050614	1.0	0.99710995064	0.99531411605	0.985777975306	0.995628446527	0.994724364318	0.927151469882	0.963495675372	0.967365172616	0.995889707142	0.773083713403	0.771136840397	0.863404133925	0.995535714286	0.983631278789	0.993223956006	0.823175836947	0.833400946586	0.823273985195	0.962571830084	0.803867105793	0.801331575698	0.817209254161	0.991204599795	0.865252332964	0.833906450428	0.957142919086	0.960017846797	0.951353121248	0.0	0.861767311158	0.984535832705	0.944170787789
TMI3	0.755385707447	0.698620295534	0.694459153709	0.999128587768	0.994778067885	0.996433864394	0.949436606382	0.998405341231	0.978783823481	1.0	0.993448987019	0.99504950495	0.995508102692	0.995829155805	0.994333983106	0.951415661402	0.960962503457	0.986685779111	0.996408456453	0.842034447357	0.649213111903	0.66315252074	0.994907328061	0.994160962792	0.997064494777	0.892279704045	0.820091076418	0.671114115846	0.879432376835	0.810627546862	0.83527485091	0.854120955717	0.963717752385	0.776197933684	0.650715826633	0.992956405863	0.958126815929	0.974633465208	0.861767311158	0.0	0.960887014489	0.991245071176
1KM1	0.984223229528	0.964011139409	0.952227301246	0.997827329903	0.944048561626	0.960420841683	0.925628463577	0.97917786278	0.988868274583	1.0	0.983263598326	0.878509443594	0.908126480585	0.862528493775	0.950527464533	0.972034552195	0.97043267699	0.974513394227	0.947948176474	0.989039662177	0.943040785933	0.931304217019	0.975475452316	0.916343251401	0.983484101683	0.98872975635	0.986682260942	0.985318265237	0.943062757964	0.97563986894	0.960654152196	0.965448632628	0.967923015237	0.972815533981	0.948485420996	0.993003508626	0.956028726219	0.980073648346	0.984535832705	0.960887014489	0.0	0.978765628101
2KM1	0.852099224883	0.834454873082	0.893723545773	0.998844168186	0.960708714719	0.905748980173	0.937687945405	0.931450652069	0.880685035834	1.0	0.995992288191	0.922770187064	0.961703645573	0.982778189743	0.8888456273	0.820038233506	0.96076807393	0.862776626178	0.800351746537	0.848355500775	0.907591562003	0.949974476774	0.988242038372	0.947451056676	0.935743027135	0.883806235402	0.88223961062	0.92709575108	0.972474042248	0.87249985365	0.85820345707	0.84810556445	0.995256038792	0.856182785352	0.987691840146	0.892285112628	0.965193442623	0.861912397671	0.944170787789	0.991245071176	0.978765628101	0.0